 11.365710549448465 
 26.791813576683843 
 26.541081857648102 
 28.88747730501904 
 37.664898975674 
 22.447106789892995 
 25.908932721917374 
 19.956292851688353 
 28.96199595175483 
 7.3500850089063645 
 11.610303029738917 
 34.40225720733591 
 5.421172333859044 
 41.7624561999268 
 42.29275654358168 
 21.369879281411087 
 18.129394181087385 
 29.46341129733405 
 43.005367874782216 
 25.393640832665703 
 4.455756357150804 
 5.8716370447597015 
 33.22130122799078 
 25.668525257759743 
 9.919898065911976 
 18.724891902065558 
 13.646353457381139 
 40.537079302299446 
 15.748081134490816 
 21.016283994432065 
 30.12820529998515 
 4.01872389423792 
 18.56005259557898 
 13.528403447275666 
 39.76976566695452 
 19.51285355775886 
 4.299334720614956 
 22.82805148756876 
 5.950571138428536 
 33.906533940939 
 31.981838460229227 
 44.389190272887284 
 17.786950380190454 
 47.376338044289255 
 26.14194151331011 
 26.817144575751765 
 46.90963901800412 
 8.559060274513161 
 41.870899644738536 
 40.97188198143327 
 32.3435920020748 
 26.45059786562046 
 19.991598351236213 
 41.319665352219864 
 15.59308850662292 
 32.465394126563325 
 16.872275812225542 
 6.474292789003063 
 22.919884297964927 
 16.098747168165737 
 17.11066346763971 
 17.012953482847532 
 17.015593162541535 
 34.91435282700527 
 44.532345289799636 
 18.899864926274027 
 31.349884581298554 
 33.79634267104954 
 11.015918991047325 
 49.64758267035911 
 15.05938180565131 
 48.740675824756266 
 38.39364488153249 
 17.924303708208846 
 40.87534681511862 
 25.59761917597148 
 14.176449660866599 
 41.53954642158165 
 17.164021730284247 
 24.125467383344382 
 40.35525068484988 
 30.4624521059242 
 32.07374138718827 
 41.074512981662494 
 19.937126809506132 
 10.326622508746457 
 18.933890047648564 
 13.958299318263899 
 35.672455146374155 
 51.250176309281244 
 44.19624700951103 
 39.7911524247025 
 11.661890135542842 
 20.9359155758021 
 32.44137652592135 
 34.93693833069376 
 36.59356196072327 
 20.191359071039898 
 57.5744607066453 
 30.085683723477985 
 13.228342914419454 
 26.647091145000395 
 14.230858554890837 
 52.997883883043286 
 34.78395547826163 
 38.566489648007895 
 28.579104110314855 
 18.378994813935677 
 13.327630780817572 
 59.29124572328938 
 13.44321631837714 
 17.0632512790864 
 34.8439851059272 
 12.71251477980959 
 30.27884224483425 
 34.99422485260458 
 39.8632817350266 
 13.202029829319748 
 37.23795936708385 
 30.52699955316804 
 39.376691795010146 
 43.92392515007599 
 57.78952047003604 
 16.641297678233478 
 37.72459270716831 
 21.611866972532045 
 29.262146979144344 
 29.343245418566855 
 24.547176078860254 
 29.295816078477614 
 62.821939710177816 
 59.28069339680614 
 22.925061811373432 
 14.69325726776791 
 39.86138922028728 
 27.9933529126738 
 36.96051060892784 
 22.092758912823854 
 63.83474195667422 
 37.26571306573224 
 52.153765249571265 
 22.5527737082838 
 41.7670744214365 
 37.57288618681717 
 19.30022581972698 
 64.5441944817718 
 36.50773609530194 
 24.79964503717796 
 33.020868875151 
 40.063762485720254 
 52.56879258179797 
 37.30340931725744 
 49.41777016098111 
 66.0734196124801 
 42.52328230414031 
 37.74648229160845 
 25.59006300097078 
 46.97948115222893 
 26.13874104350056 
 59.987242876570704 
 37.42238346367392 
 43.73951791112742 
 58.69690135000718 
 39.98261651931292 
 68.7607012999534 
 24.964537188145037 
 40.720204620656446 
 66.3920695912029 
 61.78870214931875 
 52.35384352630253 
 41.59271241998268 
 48.72155538135554 
 57.591961086007565 
 64.8630870415004 
 44.31928123029415 
 38.90886700164922 
 67.60476316345068 
 30.36925061363652 
 57.14700371329144 
 29.64018410699555 
 49.73738050627543 
 43.14482217634223 
 42.21187660767812 
 70.99927518774535 
 49.19639481774004 
 25.989590276745265 
 42.76012003132516 
 60.493171921890955 
 24.10041675646294 
 41.911188535883625 
 22.024125413547488 
 52.112979313352625 
 43.47963334414031 
 65.77768544028474 
 76.16424751217305 
 66.21976378265715 
 38.340949416513524 
 24.266710835413438 
 59.328543476495156 
 29.824433030404652 
 34.465732577971366 
 36.52408406092885 
 71.68097739593973 
 60.68229971661912 
 28.323772384457783 
 51.254855757366755 
 73.77942620044365 
 69.4495747410725 
 70.1609074438957 
 27.64565200852588 
 77.08306583110182 
 45.25157620060095 
 77.51609877997569 
 57.25764283219443 
 76.58759351270498 
 26.77919820274009 
 35.75116995186587 
 44.57635707377823 
 69.08904424351117 
 51.86043573550786 
 39.336312750291675 
 30.527722954663673 
 59.85915191887631 
 57.91397573916235 
 44.571550751083954 
 52.956454323000614 
 31.986799029302947 
 38.36642215117394 
 66.56751673518184 
 44.29946763932549 
 73.91408289541972 
 55.09175009276503 
 57.12970153596214 
 45.31459106444294 
 78.31202796533644 
 61.89431553235296 
 45.733231360136884 
 71.5211533670232 
 74.01956645967948 
 34.06369124627624 
 53.50281863855931 
 77.33929315422594 
 31.762471656151988 
 40.93797359333305 
 74.3645371491299 
 66.11034110252032 
 72.73070251444753 
 84.6473672875316 
 46.64467187368729 
 59.68084185082172 
 33.49399598796466 
 57.51420954860246 
 51.9883832345265 
 48.78278875432642 
 61.35576136779344 
 53.399212365615625 
 88.32214125989584 
 51.917628286803776 
 51.47340764793371 
 61.169026235202615 
 82.2034473546752 
 65.64937528958123 
 68.47224274088848 
 59.13887764617327 
 54.920545365360454 
 78.26042791335378 
 61.53040245187359 
 84.40191040932568 
 85.24321877066932 
 45.98465884253803 
 45.29325547023333 
 73.05691874140948 
 53.705442699506264 
 93.67280194225354 
 86.01990202864704 
 86.31274636789935 
 85.1002064657324 
 55.7795369234443 
 46.73226729804616 
 46.39454901445615 
 80.08577136274681 
 65.44383085208585 
 58.24531769647192 
 92.81349567207609 
 61.35633461044648 
 83.93289360382877 
 80.5922602532164 
 53.79569383884568 
 45.134162087135564 
 82.13915796666105 
 68.43898379162525 
 71.30290233037238 
 41.74971808796057 
 95.76347460930623 
 85.21418838585205 
 38.540172439312514 
 85.62162531026276 
 51.84124636743656 
 93.93711955640964 
 59.96339891469579 
 91.63320889696378 
 65.74030116425216 
 77.92349917329706 
 43.44005554143303 
 74.03877284854684 
 60.986857211700126 
 54.79871718850182 
 60.866709841089026 
 90.40639625092058 
 100.9532464125349 
 85.32398780942079 
 98.75320029380737 
 68.25573662944653 
 87.63758476295205 
 60.658863131001645 
 102.60653331102735 
 103.66942854690376 
 81.40707345764284 
 44.02882575810218 
 50.75633766840862 
 51.656208648076216 
 49.90272859553394 
 86.47241610338733 
 67.35440774725454 
 96.06237402829646 
 44.873054446523156 
 80.52605333958024 
 46.879893297701365 
 95.30333356784178 
 51.770052679733006 
 53.79939432914757 
 100.61003805691118 
 64.46702322180028 
 54.84131274402813 
 61.942009771765775 
 60.430759009369915 
 46.164156686970315 
 95.05010797532356 
 55.68729068171781 
 56.05906617793032 
 61.35552555486533 
 93.22582098315081 
 70.46746218791337 
 67.50086299072392 
 87.1571517854538 
 86.89674166382932 
 78.03002667716926 
 47.86834979852394 
 106.55388251774991 
 80.31839453432119 
 55.85970277905746 
 62.17220576575751 
 82.68289819017198 
 103.32511555983493 
 85.54975371369767 
 110.60175680128425 
 111.61862855228557 
 49.31258351216746 
 57.83781822983329 
 67.37353908803118 
 90.64342330871771 
 101.98314385610118 
 77.73412296863795 
 74.5834192562141 
 86.37724953184137 
 85.69028077105537 
 75.38766519651782 
 53.3423306313069 
 88.44113520996294 
 90.59226100998035 
 100.1572898321403 
 116.95604952995504 
 96.81779505884823 
 117.00481210210363 
 101.8903274793343 
 110.76212418081371 
 114.80731895913482 
 100.06262484614683 
 107.63830638495659 
 107.10999343933338 
 100.76065638502182 
 58.83998765581846 
 60.71726080227032 
 57.99327666696696 
 107.92728525324772 
 57.45821871942111 
 99.24405544953909 
 87.51485733672891 
 75.53162963721442 
 118.4475322913209 
 77.37521718281306 
 83.03555742756961 
 56.56800361919443 
 121.79349587220383 
 106.19920094440674 
 92.6545197936369 
 108.9617346269562 
 74.82933928056508 
 67.18040111266923 
 107.3877575427548 
 79.3403043627627 
 88.9884672840441 
 78.8641330936209 
 63.46072081837813 
 80.9237022516443 
 69.33488168100932 
 108.86424855250112 
 101.0025116884564 
 81.85084374080235 
 69.30456455113077 
 75.04208635153432 
 113.57761564916663 
 95.18731439668565 
 89.31398745848259 
 109.80375969127327 
 87.89147794230699 
 120.67506258875787 
 98.16390337760981 
 61.73885488046537 
 67.30172785303381 
 68.00051806644609 
 70.8504148465604 
 94.21217499979632 
 126.51203470183954 
 93.51569176344896 
 93.66513336679384 
 102.69804873062151 
 64.31383216286191 
 124.26841249360393 
 78.54362892060482 
 71.76935516150712 
 121.71668281062016 
 81.21631644340607 
 113.5992447218737 
 110.03248512000167 
 102.97459482382168 
 107.20402454058821 
 108.11260411145281 
 76.87365247069232 
 122.41769927987777 
 119.78839127181014 
 73.39015390202148 
 118.50703584692579 
 69.01861368230227 
 84.34044607947698 
 78.72208979905179 
 69.57899840195117 
 72.81480219628587 
 82.35983722943354 
 107.46160081672363 
 110.22042984098726 
 74.20983871272617 
 95.91698989282311 
 76.27521190669343 
 97.51391190011567 
 126.53281166140323 
 96.36861896737148 
 114.23233615876654 
 124.34583767223613 
 112.77940874843398 
 125.28305183379338 
 108.64464210308867 
 103.55420646636588 
 116.87470645103507 
 119.75391981195632 
 139.4081737676292 
 113.13101444123446 
 88.37534256918083 
 124.90089476055456 
 75.20759601280935 
 128.58402024723603 
 73.93058708268629 
 135.69598587963665 
 102.21946610030685 
 127.95068903240305 
 133.05354103789335 
 141.33798150050353 
 127.12108704880985 
 127.57014796759674 
 79.30767516438442 
 86.35676969384221 
 104.83015959976396 
 134.11643724228998 
 115.11867430883308 
 136.35143202991813 
 138.56068452662703 
 77.04141352061234 
 116.61932165009955 
 118.20964307848483 
 139.02217496646176 
 140.81558899544908 
 109.59742663842918 
 137.039802272126 
 88.34703066888423 
 80.13385417066937 
 79.25429838665474 
 77.58141749276692 
 99.0557757453252 
 146.4548674087584 
 85.78701680539089 
 80.63590666502432 
 87.80634253101044 
 78.67245154401861 
 136.23940608259426 
 113.94005500903711 
 144.6854190457047 
 144.57558630639403 
 86.31444365227962 
 135.14279951005483 
 128.17147034271372 
 142.0471644502193 
 99.68640898857349 
 100.64036442370737 
 98.90594084229826 
 151.70059009724042 
 146.96957743819684 
 144.86910464944248 
 151.17226692705825 
 89.20373030948879 
 118.236353202367 
 81.71820528904605 
 128.12726306205798 
 108.83124289193111 
 88.34672348397126 
 100.90715912952463 
 85.29723533794913 
 109.60200725345528 
 111.07643239747256 
 86.16602150931351 
 138.12829855509705 
 83.99716576818889 
 100.45920864542381 
 87.59570968379077 
 102.19026486135094 
 131.0648120293234 
 135.1836781801102 
 124.50725233840107 
 118.47842901936173 
 101.0713709993787 
 123.09450286410518 
 131.4718113888641 
 88.04202154999341 
 128.82098128697555 
 112.51889463612406 
 134.24228568650204 
 98.32701424125004 
 94.09663985693736 
 96.22171908090583 
 98.8114573001491 
 140.48067118176382 
 124.22745428541103 
 155.80881545552276 
 137.64250452964112 
 103.38879745875825 
 161.54394922778232 
 155.5078313441936 
 94.4089303217012 
 139.79421653074286 
 163.32624851511616 
 136.5428925110387 
 158.6513773764769 
 103.0953801810005 
 94.58083336360846 
 127.67739732339899 
 95.39823450822665 
 129.6216960071887 
 103.02613569391802 
 148.00343432313645 
 102.54450970003164 
 152.5501414164576 
 115.83275773683417 
 166.85113566243524 
 99.954989685295 
 113.14264088102925 
 108.64331662263682 
 93.83259901954699 
 116.4928195835893 
 126.1855704430792 
 121.8594343794875 
 160.19577010022869 
 162.51070429087386 
 151.24725292137083 
 118.1705626223357 
 143.25142345423114 
 131.91146806844873 
 156.7448437594881 
 156.37364737279773 
 141.24740790197112 
 155.15874216181842 
 154.10135382777693 
 150.5627735353089 
 99.63147359597923 
 119.90072585724528 
 116.45990640721519 
 127.48388243035527 
 169.81257989096756 
 104.38211239892664 
 124.22569648059932 
 174.98894487702205 
 121.87225754110884 
 112.25650491132227 
 160.36606987244332 
 120.87122354155808 
 130.77727862198492 
 121.56243609126113 
 169.8109495442569 
 163.0777774687132 
 110.8240226405584 
 164.8316164123848 
 115.34686242708676 
 155.76239647186995 
 153.34561218633445 
 129.70048797834167 
 157.98483871888655 
 160.54173460039914 
 147.3576289405767 
 121.72473680074492 
 111.22613937303908 
 113.03944053771855 
 177.8068196110843 
 140.09545324761083 
 140.34845978507258 
 111.86138676186091 
 162.79757878929263 
 182.1246379285838 
 110.52355669319658 
 118.2656527517999 
 151.96675180444583 
 123.2627403869796 
 120.59744298612961 
 148.74055074428637 
 142.55459709073742 
 168.34461323010868 
 174.76645994217523 
 134.8064958744121 
 139.63031951811462 
 182.07211006855877 
 164.5080639930281 
 146.34972092985367 
 122.22705151800378 
 145.94218976337504 
 168.68113802598032 
 164.55399334323445 
 115.39864597819555 
 138.39990210321974 
 179.86654389008245 
 169.5199478853376 
 129.8526997845659 
 131.23954525389928 
 118.12042666437223 
 167.80975788352183 
 126.22820585675608 
 163.4067365290069 
 175.7786409417238 
 139.87181359147837 
 127.43176066320514 
 128.5935707376824 
 178.25700699725235 
 148.80447220973508 
 161.8834658012988 
 190.34974372447317 
 156.8519799906276 
 155.9372607439507 
 120.53079109403664 
 180.84817829961105 
 182.52433179860924 
 151.69759073332887 
 132.43661339897812 
 176.0297913088598 
 185.14659903928495 
 128.60870060609903 
 163.13148945855326 
 165.30999296104176 
 175.1963211088378 
 127.41092292135343 
 170.5911096942632 
 138.35818069601612 
 164.86920529029848 
 125.14693221573577 
 127.60291908643099 
 124.9245670453368 
 129.42939675367865 
 144.49109436916066 
 159.78505337053053 
 151.25804024879946 
 128.8178843044599 
 142.77987579513967 
 129.941883415291 
 156.78198849360547 
 143.77354839285493 
 125.43532303136632 
 134.74654188169876 
 188.9555525164931 
 199.3026409884634 
 132.20407362748517 
 150.95932368442504 
 184.76909636124054 
 138.161155954512 
 123.59099227703675 
 201.42935906126667 
 139.7150191963206 
 190.31337145178665 
 159.50698034718832 
 183.96528062729882 
 154.69543499352417 
 195.76897981871497 
 133.6373481407242 
 157.03773806013453 
 155.83040540578364 
 206.26848060471713 
 178.37154259831425 
 206.73179520674714 
 192.49487530896025 
 190.4049776193938 
 136.7715409996273 
 137.63018241946713 
 147.22442490870984 
 171.46150648548274 
 131.56489240058463 
 196.14692255475177 
 140.12454131362378 
 145.0812323430678 
 193.56821166377347 
 194.5272005069061 
 168.55231806597783 
 151.08915584622554 
 148.94136681896603 
 202.41926309357888 
 135.24345362792658 
 153.6210803702647 
 134.44650654331164 
 142.3464124090607 
 170.9067046407982 
 170.8512358224986 
 159.17568213883538 
 194.47597239031242 
 184.0474739233173 
 141.89402187955707 
 151.25316610682944 
 161.05926316242895 
 134.69261548248815 
 161.60207365522172 
 155.87541133021156 
 190.50487056906368 
 147.77825937294264 
 199.71744769658542 
 135.54042803876618 
 137.1520910894988 
 155.0235510807854 
 174.53623346977156 
 141.16412933561622 
 135.988659780942 
 213.93901135086068 
 197.74006865836043 
 150.81876726345854 
 161.19909689921397 
 163.46987469087523 
 199.64296475759343 
 152.5440691515351 
 184.23037669263203 
 179.5227272924784 
 205.89986467372148 
 193.68884818432994 
 215.4232883714193 
 185.02363841795756 
 206.70173740543848 
 162.96555205705084 
 149.16024819951022 
 192.60762370174518 
 211.58620330081388 
 206.36251414743896 
 155.3580219588721 
 212.11167579499107 
 151.87894812553102 
 193.27493080793607 
 214.15445058309987 
 220.9313152426791 
 145.7905826214838 
 201.19638962977353 
 198.9995998103177 
 193.53004329062836 
 201.46276656648863 
 203.81480055968527 
 193.58066849874365 
 175.88294290970322 
 152.94641817379232 
 166.30150068272215 
 215.88022534593625 
 195.61947079814257 
 185.07315800970716 
 206.92444142409326 
 174.2695949131613 
 203.04707469981344 
 164.6289241851074 
 179.4963772719666 
 179.238312512723 
 152.028873338817 
 175.28794845581888 
 163.47831076687146 
 200.63046365414743 
 190.72418816970293 
 164.17831357830522 
 196.52896701530307 
 193.47577323293993 
 225.5441672752084 
 164.48401503075803 
 180.76973732397636 
 165.3431631644369 
 218.15774079994043 
 204.56488636319975 
 235.57744688774056 
 227.51054441264478 
 206.7646486714456 
 156.21792100610082 
 210.1948130541761 
 227.09948786499928 
 185.2240982293166 
 179.58414508755848 
 204.35931836865961 
 178.4599397224059 
 232.3335466473796 
 179.08987232665476 
 213.89413639440954 
 190.9794446759666 
 186.60419721516362 
 161.23802781680604 
 197.94987367434044 
 201.56601138632956 
 217.8665568163231 
 235.90546865394867 
 161.64899137163872 
 229.98649298831177 
 188.03883654179143 
 230.36619374987563 
 203.1613181497038 
 177.1452874977366 
 195.36721789350966 
 212.98716819565718 
 224.31236402351368 
 193.08530565163824 
 220.78250169270902 
 224.0921528756367 
 171.4302041513229 
 209.99108852742424 
 225.60957633765835 
 245.43501629550315 
 242.51341945596363 
 164.20444704114541 
 231.43827124165637 
 188.14261423149637 
 168.7667849145325 
 220.0616106950046 
 181.25449962416133 
 175.5562656861262 
 178.52048280709465 
 177.23635776127472 
 242.59168880189233 
 203.0240665112628 
 174.3282433311123 
 185.7404405894964 
 175.6627110359466 
 213.47337598377283 
 222.06151442155914 
 202.31508338534283 
 202.28200316923764 
 219.94743682789345 
 240.53905934097722 
 251.18607620902327 
 167.53478558077273 
 178.67590863593824 
 218.44780210537294 
 169.5768250199059 
 169.29940952657483 
 197.44831588623876 
 253.33212217856405 
 190.8620854636091 
 236.19908813930053 
 232.77443022721127 
 229.78349232000494 
 238.38218749353837 
 237.27009775591736 
 219.65104729059615 
 196.30841528672877 
 180.91896890232073 
 229.08351619743576 
 249.90318321787643 
 218.7272390753597 
 233.74528012663248 
 218.27468374503692 
 189.33407898963802 
 177.25629963853922 
 188.26425250737302 
 258.5268439194558 
 231.1596373279296 
 255.93394634993638 
 213.82785802127577 
 203.44631416810898 
 258.5813970888323 
 242.55111048626625 
 183.75824721844089 
 216.20394585072978 
 242.66087072477313 
 242.03996766441404 
 217.10553048245924 
 224.31206673352568 
 234.3036142649134 
 248.06411730483845 
 258.11438782546526 
 232.29467200822285 
 206.48501921672212 
 230.58194255410615 
 192.02386704282682 
 218.23434924481018 
 207.3583053061538 
 208.5527250664651 
 199.26030144184332 
 218.60415448584294 
 233.48790736171046 
 205.66075530879064 
 184.20376852048113 
 233.51664713869684 
 188.6033984149981 
 238.7662088434538 
 209.98288953888985 
 231.4036456523073 
 260.05954388885385 
 188.8035328005157 
 182.93182878516828 
 208.2624698366849 
 193.3758381130093 
 186.068406948734 
 228.62047707158965 
 266.03234915543345 
 256.69863721716996 
 184.85666335647846 
 253.3740098756264 
 224.7275362017103 
 190.0948041739114 
 232.78462010010756 
 250.6073569571209 
 215.10644966031757 
 194.00779023287535 
 274.5554695345494 
 266.08489503283215 
 273.17922567326843 
 212.87761224421163 
 230.3982779148808 
 255.4880311000082 
 257.80314281174543 
 253.98660530201732 
 191.41408420522887 
 244.47419644831353 
 267.8867104248962 
 211.38676610039616 
 233.11813873203477 
 261.5975182421698 
 271.3554559013041 
 257.6938402910781 
 245.99285473954444 
 261.9248584226384 
 273.43769335914817 
 207.31875355377193 
 234.99532590668167 
 213.488791598019 
 238.24893039203607 
 256.23345751467696 
 276.97614395639414 
 250.65284733957398 
 215.97397814358013 
 239.87216649579437 
 271.27918934610756 
 264.18987018045965 
 205.40689093238558 
 281.9856859660009 
 209.90116366400832 
 260.4900525054737 
 202.4167015532352 
 278.2004627674074 
 198.9437853786954 
 230.67719387842158 
 276.9125176665387 
 205.06724737726532 
 237.8249509580292 
 261.6161641842376 
 270.17018434418674 
 206.4831516652569 
 284.248624526878 
 285.45317840557846 
 216.61287849484233 
 220.59118964000757 
 283.2656315926165 
 289.88967452095903 
 260.3859718553235 
 244.88124638612584 
 219.52106216277423 
 213.507904307606 
 205.72188669711832 
 269.55731550783014 
 260.0594986346496 
 214.8008081634492 
